4.451
4.252
4.505
4.512
4.620
3.896
3.817
3.901
3.753
4.101
3.935
4.534
5.129
4.700
3.891
4.398
4.513
4.373
4.484
4.150
4.062
3.484
3.446
4.967
4.526
4.751
3.948
3.727
3.799
3.553
4.055
3.956
3.060
4.634
3.930
3.970
4.036
4.719
4.529
3.283
4.846
4.190
3.507
4.712
3.798
3.815
3.717
3.852
3.937
3.822
3.890
5.396
4.030
3.618
4.824
4.437
3.963
3.970
4.550
4.599
4.929
4.670
3.568
4.782
3.696
4.989
3.570
4.847
4.121
3.965
4.357
3.161
4.649
4.106
3.938
3.916
4.723
3.704
3.644
3.947
3.806
4.081
4.234
4.111
4.104
4.455
3.830
3.431
4.522
4.467
4.883
3.570
3.741
3.815
4.019
3.811
3.412
3.595
4.260
4.161
4.445
4.248
4.284
4.057
4.339
3.848
5.529
3.387
3.982
